Brazil
Tite
4.2 5.1 3.8 2.9 5.0 4.6 4.9 4.3
4.9 4.8 5.8 3.8 4.9 4.6 5.0 4.5
Germany
Flick
2.1 2.2 2.3 2.4 2.5 2.6 2.7 2.8
3.1 3.2 3.3 3.4 3.5 3.6 3.7 3.8
Argentina 
Scaloni
4.1 4.2 4.3 4.4 4.5 4.6 4.7 4.8
5.1 5.2 5.3 5.4 5.5 5.6 5.7 5.8
France
Deschamps
1.1 1.2 1.3 1.4 1.5 1.6 1.7 1.8
5.1 5.2 5.3 5.4 5.5 5.6 5.7 5.8
Spain
Enrique
2.1 2.2 2.3 2.4 2.5 2.6 2.7 2.8
4.1 4.2 4.3 4.8 4.9 4.6 4.0 4.5
Canada
Herdman
3.2 3.1 3.8 3.9 3.0 3.6 3.9 3.3
5.9 5.8 5.8 5.8 5.9 5.6 5.0 5.5
Serbia
Stojkovic
4.2 4.1 4.8 4.9 4.0 4.6 4.9 4.3
1.9 1.8 1.8 1.8 1.9 1.6 1.0 1.5
Japan
Moriyasu
5.2 5.1 5.8 5.9 5.0 5.6 5.9 5.3
2.9 2.8 2.8 2.8 2.9 2.6 2.0 2.5
England
Southgate
1.2 1.1 1.8 1.9 1.0 1.6 1.9 1.3
3.9 3.8 3.8 3.8 3.9 3.6 3.0 3.5
Mexico
Martino
2.2 2.1 2.8 2.9 2.0 2.6 2.9 2.3
4.9 4.8 4.8 4.8 4.9 4.6 4.0 4.5
Senegal
Cisse
4.1 3.2 4.3 2.4 6.2 4.5 6.7 5.2
4.2 2.6 5.6 3.3 5.9 3.5 7.0 6.5
Cameroon
Song
4.3 5.3 6.1 4.3 5.4 6.4 7.7 4.2
6.5 5.8 3.6 3.4 2.8 6.6 8.0 5.5